KT = 0.12
KV = 0.127
L  = 0.01
R  = 0.053
v  = 48
I  = 2
c  = 8
