a = 400
M_u = 50
Ks = 20e3
b = 2.5e3
t = 250e3